SimulationTime 500
SimulationStepTime 50
Conductivity 25
Alfa 300
Tot 1200
InitialTemp 100
Density 7800
SpecificHeat 700
Nodes number 30
Elements number 18
*Node
     1, 0.0, 0.0
     2, 0.25, 0.0
     3, 0.5, 0.0
     4, 0.0, 0.24
     5, 0.25, 0.24
     6, 0.5, 0.24
     7, 0.0, 0.48
     8, 0.25, 0.48
     9, 0.5, 0.48
    10, 0.0, 0.72
    11, 0.25, 0.72
    12, 0.5, 0.72
    13, 0.0, 0.96
    14, 0.25, 0.96
    15, 0.5, 0.96
    16, 0.0, 1.2
    17, 0.25, 1.2
    18, 0.5, 1.2
    19, 0.0, 1.44
    20, 0.25, 1.44
    21, 0.5, 1.44
    22, 0.0, 1.68
    23, 0.25, 1.68
    24, 0.5, 1.68
    25, 0.0, 1.92
    26, 0.25, 1.92
    27, 0.5, 1.92
    28, 0.0, 2.16
    29, 0.25, 2.16
    30, 0.5, 2.16
*Element, type=DC2D4
  1,  1,  2,  5,  4
  2,  2,  3,  6,  5
  3,  4,  5,  8,  7
  4,  5,  6,  9,  8
  5,  7,  8, 11, 10
  6,  8,  9, 12, 11
  7, 10, 11, 14, 13
  8, 11, 12, 15, 14
  9, 13, 14, 17, 16
 10, 14, 15, 18, 17
 11, 16, 17, 20, 19
 12, 17, 18, 21, 20
 13, 19, 20, 23, 22
 14, 20, 21, 24, 23
 15, 22, 23, 26, 25
 16, 23, 24, 27, 26
 17, 25, 26, 29, 28
 18, 26, 27, 30, 29
*BC
1, 3, 4, 22, 23, 24, 25, 26, 27, 30
